switch,-775,-275,0,true,1813890438
switch,-775,-175,0,false,820843347
nand,-625,-275,0,3534320924
nand,-625,-175,0,923512234
bulb,-475,-275,0,1727653053
bulb,-475,-175,0,2639424955
wire,923512234,2,3534320924,0,3145013996
wire,923512234,2,3534320924,0,3145013996
wire,3534320924,2,923512234,1,4081194991
wire,3534320924,2,923512234,1,4081194991
wire,820843347,0,923512234,0,183653482
wire,820843347,0,923512234,0,183653482
wire,1813890438,0,3534320924,1,637738085
wire,1813890438,0,3534320924,1,637738085
wire,923512234,2,2639424955,0,3445518193
wire,923512234,2,2639424955,0,3445518193
wire,3534320924,2,1727653053,0,2613205384
wire,3534320924,2,1727653053,0,2613205384
